#define _trans_cube_UFr _mm256_set_epi8( \
	0, 0, 0, 0, 11, 10, 9, 8, 7, 6, 5, 4, 3, 2, 1, 0, \
	0, 0, 0, 0, 0, 0, 0, 0, 7, 6, 5, 4, 3, 2, 1, 0 \
)
#define _trans_cube_UFr_inverse _mm256_set_epi8( \
	0, 0, 0, 0, 11, 10, 9, 8, 7, 6, 5, 4, 3, 2, 1, 0, \
	0, 0, 0, 0, 0, 0, 0, 0, 7, 6, 5, 4, 3, 2, 1, 0 \
)
#define _trans_cube_ULr _mm256_set_epi8( \
	0, 0, 0, 0, 24, 27, 26, 25, 3, 2, 1, 0, 6, 7, 4, 5, \
	0, 0, 0, 0, 0, 0, 0, 0, 3, 2, 0, 1, 6, 7, 5, 4 \
)
#define _trans_cube_ULr_inverse _mm256_set_epi8( \
	0, 0, 0, 0, 26, 25, 24, 27, 2, 3, 0, 1, 7, 6, 5, 4, \
	0, 0, 0, 0, 0, 0, 0, 0, 2, 3, 1, 0, 7, 6, 4, 5 \
)
#define _trans_cube_UBr _mm256_set_epi8( \
	0, 0, 0, 0, 9, 8, 11, 10, 6, 7, 4, 5, 2, 3, 0, 1, \
	0, 0, 0, 0, 0, 0, 0, 0, 6, 7, 4, 5, 2, 3, 0, 1 \
)
#define _trans_cube_UBr_inverse _mm256_set_epi8( \
	0, 0, 0, 0, 9, 8, 11, 10, 6, 7, 4, 5, 2, 3, 0, 1, \
	0, 0, 0, 0, 0, 0, 0, 0, 6, 7, 4, 5, 2, 3, 0, 1 \
)
#define _trans_cube_URr _mm256_set_epi8( \
	0, 0, 0, 0, 26, 25, 24, 27, 2, 3, 0, 1, 7, 6, 5, 4, \
	0, 0, 0, 0, 0, 0, 0, 0, 2, 3, 1, 0, 7, 6, 4, 5 \
)
#define _trans_cube_URr_inverse _mm256_set_epi8( \
	0, 0, 0, 0, 24, 27, 26, 25, 3, 2, 1, 0, 6, 7, 4, 5, \
	0, 0, 0, 0, 0, 0, 0, 0, 3, 2, 0, 1, 6, 7, 5, 4 \
)
#define _trans_cube_DFr _mm256_set_epi8( \
	0, 0, 0, 0, 10, 11, 8, 9, 5, 4, 7, 6, 0, 1, 2, 3, \
	0, 0, 0, 0, 0, 0, 0, 0, 5, 4, 7, 6, 1, 0, 3, 2 \
)
#define _trans_cube_DFr_inverse _mm256_set_epi8( \
	0, 0, 0, 0, 10, 11, 8, 9, 5, 4, 7, 6, 0, 1, 2, 3, \
	0, 0, 0, 0, 0, 0, 0, 0, 5, 4, 7, 6, 1, 0, 3, 2 \
)
#define _trans_cube_DLr _mm256_set_epi8( \
	0, 0, 0, 0, 27, 24, 25, 26, 1, 0, 3, 2, 5, 4, 7, 6, \
	0, 0, 0, 0, 0, 0, 0, 0, 0, 1, 3, 2, 5, 4, 6, 7 \
)
#define _trans_cube_DLr_inverse _mm256_set_epi8( \
	0, 0, 0, 0, 27, 24, 25, 26, 1, 0, 3, 2, 5, 4, 7, 6, \
	0, 0, 0, 0, 0, 0, 0, 0, 0, 1, 3, 2, 5, 4, 6, 7 \
)
#define _trans_cube_DBr _mm256_set_epi8( \
	0, 0, 0, 0, 8, 9, 10, 11, 4, 5, 6, 7, 1, 0, 3, 2, \
	0, 0, 0, 0, 0, 0, 0, 0, 4, 5, 6, 7, 0, 1, 2, 3 \
)
#define _trans_cube_DBr_inverse _mm256_set_epi8( \
	0, 0, 0, 0, 8, 9, 10, 11, 4, 5, 6, 7, 1, 0, 3, 2, \
	0, 0, 0, 0, 0, 0, 0, 0, 4, 5, 6, 7, 0, 1, 2, 3 \
)
#define _trans_cube_DRr _mm256_set_epi8( \
	0, 0, 0, 0, 25, 26, 27, 24, 0, 1, 2, 3, 4, 5, 6, 7, \
	0, 0, 0, 0, 0, 0, 0, 0, 1, 0, 2, 3, 4, 5, 7, 6 \
)
#define _trans_cube_DRr_inverse _mm256_set_epi8( \
	0, 0, 0, 0, 25, 26, 27, 24, 0, 1, 2, 3, 4, 5, 6, 7, \
	0, 0, 0, 0, 0, 0, 0, 0, 1, 0, 2, 3, 4, 5, 7, 6 \
)
#define _trans_cube_RUr _mm256_set_epi8( \
	0, 0, 0, 0, 3, 2, 1, 0, 25, 26, 27, 24, 21, 22, 23, 20, \
	0, 0, 0, 0, 0, 0, 0, 0, 39, 36, 38, 37, 66, 65, 67, 64 \
)
#define _trans_cube_RUr_inverse _mm256_set_epi8( \
	0, 0, 0, 0, 21, 22, 23, 20, 17, 18, 19, 16, 11, 10, 9, 8, \
	0, 0, 0, 0, 0, 0, 0, 0, 71, 69, 68, 70, 33, 35, 34, 32 \
)
#define _trans_cube_RFr _mm256_set_epi8( \
	0, 0, 0, 0, 18, 17, 16, 19, 22, 21, 20, 23, 25, 26, 27, 24, \
	0, 0, 0, 0, 0, 0, 0, 0, 65, 66, 67, 64, 39, 36, 37, 38 \
)
#define _trans_cube_RFr_inverse _mm256_set_epi8( \
	0, 0, 0, 0, 17, 18, 19, 16, 20, 23, 22, 21, 24, 27, 26, 25, \
	0, 0, 0, 0, 0, 0, 0, 0, 67, 64, 65, 66, 37, 38, 39, 36 \
)
#define _trans_cube_RDr _mm256_set_epi8( \
	0, 0, 0, 0, 1, 0, 3, 2, 26, 25, 24, 27, 22, 21, 20, 23, \
	0, 0, 0, 0, 0, 0, 0, 0, 36, 39, 37, 38, 65, 66, 64, 67 \
)
#define _trans_cube_RDr_inverse _mm256_set_epi8( \
	0, 0, 0, 0, 20, 23, 22, 21, 16, 19, 18, 17, 9, 8, 11, 10, \
	0, 0, 0, 0, 0, 0, 0, 0, 70, 68, 69, 71, 32, 34, 35, 33 \
)
#define _trans_cube_RBr _mm256_set_epi8( \
	0, 0, 0, 0, 16, 19, 18, 17, 21, 22, 23, 20, 26, 25, 24, 27, \
	0, 0, 0, 0, 0, 0, 0, 0, 66, 65, 64, 67, 36, 39, 38, 37 \
)
#define _trans_cube_RBr_inverse _mm256_set_epi8( \
	0, 0, 0, 0, 16, 19, 18, 17, 21, 22, 23, 20, 26, 25, 24, 27, \
	0, 0, 0, 0, 0, 0, 0, 0, 66, 65, 64, 67, 36, 39, 38, 37 \
)
#define _trans_cube_LUr _mm256_set_epi8( \
	0, 0, 0, 0, 2, 3, 0, 1, 27, 24, 25, 26, 20, 23, 22, 21, \
	0, 0, 0, 0, 0, 0, 0, 0, 38, 37, 39, 36, 67, 64, 66, 65 \
)
#define _trans_cube_LUr_inverse _mm256_set_epi8( \
	0, 0, 0, 0, 23, 20, 21, 22, 18, 17, 16, 19, 10, 11, 8, 9, \
	0, 0, 0, 0, 0, 0, 0, 0, 69, 71, 70, 68, 35, 33, 32, 34 \
)
#define _trans_cube_LFr _mm256_set_epi8( \
	0, 0, 0, 0, 17, 18, 19, 16, 20, 23, 22, 21, 24, 27, 26, 25, \
	0, 0, 0, 0, 0, 0, 0, 0, 67, 64, 65, 66, 37, 38, 39, 36 \
)
#define _trans_cube_LFr_inverse _mm256_set_epi8( \
	0, 0, 0, 0, 18, 17, 16, 19, 22, 21, 20, 23, 25, 26, 27, 24, \
	0, 0, 0, 0, 0, 0, 0, 0, 65, 66, 67, 64, 39, 36, 37, 38 \
)
#define _trans_cube_LDr _mm256_set_epi8( \
	0, 0, 0, 0, 0, 1, 2, 3, 24, 27, 26, 25, 23, 20, 21, 22, \
	0, 0, 0, 0, 0, 0, 0, 0, 37, 38, 36, 39, 64, 67, 65, 66 \
)
#define _trans_cube_LDr_inverse _mm256_set_epi8( \
	0, 0, 0, 0, 22, 21, 20, 23, 19, 16, 17, 18, 8, 9, 10, 11, \
	0, 0, 0, 0, 0, 0, 0, 0, 68, 70, 71, 69, 34, 32, 33, 35 \
)
#define _trans_cube_LBr _mm256_set_epi8( \
	0, 0, 0, 0, 19, 16, 17, 18, 23, 20, 21, 22, 27, 24, 25, 26, \
	0, 0, 0, 0, 0, 0, 0, 0, 64, 67, 66, 65, 38, 37, 36, 39 \
)
#define _trans_cube_LBr_inverse _mm256_set_epi8( \
	0, 0, 0, 0, 19, 16, 17, 18, 23, 20, 21, 22, 27, 24, 25, 26, \
	0, 0, 0, 0, 0, 0, 0, 0, 64, 67, 66, 65, 38, 37, 36, 39 \
)
#define _trans_cube_FUr _mm256_set_epi8( \
	0, 0, 0, 0, 6, 7, 4, 5, 10, 11, 8, 9, 17, 18, 19, 16, \
	0, 0, 0, 0, 0, 0, 0, 0, 35, 33, 34, 32, 71, 69, 70, 68 \
)
#define _trans_cube_FUr_inverse _mm256_set_epi8( \
	0, 0, 0, 0, 6, 7, 4, 5, 10, 11, 8, 9, 17, 18, 19, 16, \
	0, 0, 0, 0, 0, 0, 0, 0, 35, 33, 34, 32, 71, 69, 70, 68 \
)
#define _trans_cube_FRr _mm256_set_epi8( \
	0, 0, 0, 0, 21, 22, 23, 20, 17, 18, 19, 16, 11, 10, 9, 8, \
	0, 0, 0, 0, 0, 0, 0, 0, 71, 69, 68, 70, 33, 35, 34, 32 \
)
#define _trans_cube_FRr_inverse _mm256_set_epi8( \
	0, 0, 0, 0, 3, 2, 1, 0, 25, 26, 27, 24, 21, 22, 23, 20, \
	0, 0, 0, 0, 0, 0, 0, 0, 39, 36, 38, 37, 66, 65, 67, 64 \
)
#define _trans_cube_FDr _mm256_set_epi8( \
	0, 0, 0, 0, 4, 5, 6, 7, 11, 10, 9, 8, 18, 17, 16, 19, \
	0, 0, 0, 0, 0, 0, 0, 0, 33, 35, 32, 34, 69, 71, 68, 70 \
)
#define _trans_cube_FDr_inverse _mm256_set_epi8( \
	0, 0, 0, 0, 7, 6, 5, 4, 8, 9, 10, 11, 16, 19, 18, 17, \
	0, 0, 0, 0, 0, 0, 0, 0, 34, 32, 35, 33, 70, 68, 71, 69 \
)
#define _trans_cube_FLr _mm256_set_epi8( \
	0, 0, 0, 0, 23, 20, 21, 22, 18, 17, 16, 19, 10, 11, 8, 9, \
	0, 0, 0, 0, 0, 0, 0, 0, 69, 71, 70, 68, 35, 33, 32, 34 \
)
#define _trans_cube_FLr_inverse _mm256_set_epi8( \
	0, 0, 0, 0, 2, 3, 0, 1, 27, 24, 25, 26, 20, 23, 22, 21, \
	0, 0, 0, 0, 0, 0, 0, 0, 38, 37, 39, 36, 67, 64, 66, 65 \
)
#define _trans_cube_BUr _mm256_set_epi8( \
	0, 0, 0, 0, 7, 6, 5, 4, 8, 9, 10, 11, 16, 19, 18, 17, \
	0, 0, 0, 0, 0, 0, 0, 0, 34, 32, 35, 33, 70, 68, 71, 69 \
)
#define _trans_cube_BUr_inverse _mm256_set_epi8( \
	0, 0, 0, 0, 4, 5, 6, 7, 11, 10, 9, 8, 18, 17, 16, 19, \
	0, 0, 0, 0, 0, 0, 0, 0, 33, 35, 32, 34, 69, 71, 68, 70 \
)
#define _trans_cube_BRr _mm256_set_epi8( \
	0, 0, 0, 0, 22, 21, 20, 23, 19, 16, 17, 18, 8, 9, 10, 11, \
	0, 0, 0, 0, 0, 0, 0, 0, 68, 70, 71, 69, 34, 32, 33, 35 \
)
#define _trans_cube_BRr_inverse _mm256_set_epi8( \
	0, 0, 0, 0, 0, 1, 2, 3, 24, 27, 26, 25, 23, 20, 21, 22, \
	0, 0, 0, 0, 0, 0, 0, 0, 37, 38, 36, 39, 64, 67, 65, 66 \
)
#define _trans_cube_BDr _mm256_set_epi8( \
	0, 0, 0, 0, 5, 4, 7, 6, 9, 8, 11, 10, 19, 16, 17, 18, \
	0, 0, 0, 0, 0, 0, 0, 0, 32, 34, 33, 35, 68, 70, 69, 71 \
)
#define _trans_cube_BDr_inverse _mm256_set_epi8( \
	0, 0, 0, 0, 5, 4, 7, 6, 9, 8, 11, 10, 19, 16, 17, 18, \
	0, 0, 0, 0, 0, 0, 0, 0, 32, 34, 33, 35, 68, 70, 69, 71 \
)
#define _trans_cube_BLr _mm256_set_epi8( \
	0, 0, 0, 0, 20, 23, 22, 21, 16, 19, 18, 17, 9, 8, 11, 10, \
	0, 0, 0, 0, 0, 0, 0, 0, 70, 68, 69, 71, 32, 34, 35, 33 \
)
#define _trans_cube_BLr_inverse _mm256_set_epi8( \
	0, 0, 0, 0, 1, 0, 3, 2, 26, 25, 24, 27, 22, 21, 20, 23, \
	0, 0, 0, 0, 0, 0, 0, 0, 36, 39, 37, 38, 65, 66, 64, 67 \
)
#define _trans_cube_UFm _mm256_set_epi8( \
	0, 0, 0, 0, 10, 11, 8, 9, 6, 7, 4, 5, 3, 2, 1, 0, \
	0, 0, 0, 0, 0, 0, 0, 0, 3, 2, 1, 0, 7, 6, 5, 4 \
)
#define _trans_cube_UFm_inverse _mm256_set_epi8( \
	0, 0, 0, 0, 10, 11, 8, 9, 6, 7, 4, 5, 3, 2, 1, 0, \
	0, 0, 0, 0, 0, 0, 0, 0, 3, 2, 1, 0, 7, 6, 5, 4 \
)
#define _trans_cube_ULm _mm256_set_epi8( \
	0, 0, 0, 0, 25, 26, 27, 24, 3, 2, 1, 0, 7, 6, 5, 4, \
	0, 0, 0, 0, 0, 0, 0, 0, 7, 6, 4, 5, 2, 3, 1, 0 \
)
#define _trans_cube_ULm_inverse _mm256_set_epi8( \
	0, 0, 0, 0, 25, 26, 27, 24, 3, 2, 1, 0, 7, 6, 5, 4, \
	0, 0, 0, 0, 0, 0, 0, 0, 7, 6, 4, 5, 2, 3, 1, 0 \
)
#define _trans_cube_UBm _mm256_set_epi8( \
	0, 0, 0, 0, 8, 9, 10, 11, 7, 6, 5, 4, 2, 3, 0, 1, \
	0, 0, 0, 0, 0, 0, 0, 0, 2, 3, 0, 1, 6, 7, 4, 5 \
)
#define _trans_cube_UBm_inverse _mm256_set_epi8( \
	0, 0, 0, 0, 8, 9, 10, 11, 7, 6, 5, 4, 2, 3, 0, 1, \
	0, 0, 0, 0, 0, 0, 0, 0, 2, 3, 0, 1, 6, 7, 4, 5 \
)
#define _trans_cube_URm _mm256_set_epi8( \
	0, 0, 0, 0, 27, 24, 25, 26, 2, 3, 0, 1, 6, 7, 4, 5, \
	0, 0, 0, 0, 0, 0, 0, 0, 6, 7, 5, 4, 3, 2, 0, 1 \
)
#define _trans_cube_URm_inverse _mm256_set_epi8( \
	0, 0, 0, 0, 27, 24, 25, 26, 2, 3, 0, 1, 6, 7, 4, 5, \
	0, 0, 0, 0, 0, 0, 0, 0, 6, 7, 5, 4, 3, 2, 0, 1 \
)
#define _trans_cube_DFm _mm256_set_epi8( \
	0, 0, 0, 0, 11, 10, 9, 8, 4, 5, 6, 7, 0, 1, 2, 3, \
	0, 0, 0, 0, 0, 0, 0, 0, 1, 0, 3, 2, 5, 4, 7, 6 \
)
#define _trans_cube_DFm_inverse _mm256_set_epi8( \
	0, 0, 0, 0, 11, 10, 9, 8, 4, 5, 6, 7, 0, 1, 2, 3, \
	0, 0, 0, 0, 0, 0, 0, 0, 1, 0, 3, 2, 5, 4, 7, 6 \
)
#define _trans_cube_DLm _mm256_set_epi8( \
	0, 0, 0, 0, 26, 25, 24, 27, 1, 0, 3, 2, 4, 5, 6, 7, \
	0, 0, 0, 0, 0, 0, 0, 0, 4, 5, 7, 6, 1, 0, 2, 3 \
)
#define _trans_cube_DLm_inverse _mm256_set_epi8( \
	0, 0, 0, 0, 24, 27, 26, 25, 0, 1, 2, 3, 5, 4, 7, 6, \
	0, 0, 0, 0, 0, 0, 0, 0, 5, 4, 6, 7, 0, 1, 3, 2 \
)
#define _trans_cube_DBm _mm256_set_epi8( \
	0, 0, 0, 0, 9, 8, 11, 10, 5, 4, 7, 6, 1, 0, 3, 2, \
	0, 0, 0, 0, 0, 0, 0, 0, 0, 1, 2, 3, 4, 5, 6, 7 \
)
#define _trans_cube_DBm_inverse _mm256_set_epi8( \
	0, 0, 0, 0, 9, 8, 11, 10, 5, 4, 7, 6, 1, 0, 3, 2, \
	0, 0, 0, 0, 0, 0, 0, 0, 0, 1, 2, 3, 4, 5, 6, 7 \
)
#define _trans_cube_DRm _mm256_set_epi8( \
	0, 0, 0, 0, 24, 27, 26, 25, 0, 1, 2, 3, 5, 4, 7, 6, \
	0, 0, 0, 0, 0, 0, 0, 0, 5, 4, 6, 7, 0, 1, 3, 2 \
)
#define _trans_cube_DRm_inverse _mm256_set_epi8( \
	0, 0, 0, 0, 26, 25, 24, 27, 1, 0, 3, 2, 4, 5, 6, 7, \
	0, 0, 0, 0, 0, 0, 0, 0, 4, 5, 7, 6, 1, 0, 2, 3 \
)
#define _trans_cube_RUm _mm256_set_epi8( \
	0, 0, 0, 0, 3, 2, 1, 0, 24, 27, 26, 25, 20, 23, 22, 21, \
	0, 0, 0, 0, 0, 0, 0, 0, 35, 32, 34, 33, 70, 69, 71, 68 \
)
#define _trans_cube_RUm_inverse _mm256_set_epi8( \
	0, 0, 0, 0, 22, 21, 20, 23, 18, 17, 16, 19, 11, 10, 9, 8, \
	0, 0, 0, 0, 0, 0, 0, 0, 33, 35, 34, 32, 71, 69, 68, 70 \
)
#define _trans_cube_RFm _mm256_set_epi8( \
	0, 0, 0, 0, 18, 17, 16, 19, 23, 20, 21, 22, 24, 27, 26, 25, \
	0, 0, 0, 0, 0, 0, 0, 0, 69, 70, 71, 68, 35, 32, 33, 34 \
)
#define _trans_cube_RFm_inverse _mm256_set_epi8( \
	0, 0, 0, 0, 18, 17, 16, 19, 23, 20, 21, 22, 24, 27, 26, 25, \
	0, 0, 0, 0, 0, 0, 0, 0, 37, 38, 39, 36, 67, 64, 65, 66 \
)
#define _trans_cube_RDm _mm256_set_epi8( \
	0, 0, 0, 0, 1, 0, 3, 2, 27, 24, 25, 26, 23, 20, 21, 22, \
	0, 0, 0, 0, 0, 0, 0, 0, 32, 35, 33, 34, 69, 70, 68, 71 \
)
#define _trans_cube_RDm_inverse _mm256_set_epi8( \
	0, 0, 0, 0, 23, 20, 21, 22, 19, 16, 17, 18, 9, 8, 11, 10, \
	0, 0, 0, 0, 0, 0, 0, 0, 32, 34, 35, 33, 70, 68, 69, 71 \
)
#define _trans_cube_RBm _mm256_set_epi8( \
	0, 0, 0, 0, 16, 19, 18, 17, 20, 23, 22, 21, 27, 24, 25, 26, \
	0, 0, 0, 0, 0, 0, 0, 0, 70, 69, 68, 71, 32, 35, 34, 33 \
)
#define _trans_cube_RBm_inverse _mm256_set_epi8( \
	0, 0, 0, 0, 19, 16, 17, 18, 22, 21, 20, 23, 26, 25, 24, 27, \
	0, 0, 0, 0, 0, 0, 0, 0, 36, 39, 38, 37, 66, 65, 64, 67 \
)
#define _trans_cube_LUm _mm256_set_epi8( \
	0, 0, 0, 0, 2, 3, 0, 1, 26, 25, 24, 27, 21, 22, 23, 20, \
	0, 0, 0, 0, 0, 0, 0, 0, 34, 33, 35, 32, 71, 68, 70, 69 \
)
#define _trans_cube_LUm_inverse _mm256_set_epi8( \
	0, 0, 0, 0, 20, 23, 22, 21, 17, 18, 19, 16, 10, 11, 8, 9, \
	0, 0, 0, 0, 0, 0, 0, 0, 35, 33, 32, 34, 69, 71, 70, 68 \
)
#define _trans_cube_LFm _mm256_set_epi8( \
	0, 0, 0, 0, 17, 18, 19, 16, 21, 22, 23, 20, 25, 26, 27, 24, \
	0, 0, 0, 0, 0, 0, 0, 0, 71, 68, 69, 70, 33, 34, 35, 32 \
)
#define _trans_cube_LFm_inverse _mm256_set_epi8( \
	0, 0, 0, 0, 17, 18, 19, 16, 21, 22, 23, 20, 25, 26, 27, 24, \
	0, 0, 0, 0, 0, 0, 0, 0, 39, 36, 37, 38, 65, 66, 67, 64 \
)
#define _trans_cube_LDm _mm256_set_epi8( \
	0, 0, 0, 0, 0, 1, 2, 3, 25, 26, 27, 24, 22, 21, 20, 23, \
	0, 0, 0, 0, 0, 0, 0, 0, 33, 34, 32, 35, 68, 71, 69, 70 \
)
#define _trans_cube_LDm_inverse _mm256_set_epi8( \
	0, 0, 0, 0, 21, 22, 23, 20, 16, 19, 18, 17, 8, 9, 10, 11, \
	0, 0, 0, 0, 0, 0, 0, 0, 34, 32, 33, 35, 68, 70, 71, 69 \
)
#define _trans_cube_LBm _mm256_set_epi8( \
	0, 0, 0, 0, 19, 16, 17, 18, 22, 21, 20, 23, 26, 25, 24, 27, \
	0, 0, 0, 0, 0, 0, 0, 0, 68, 71, 70, 69, 34, 33, 32, 35 \
)
#define _trans_cube_LBm_inverse _mm256_set_epi8( \
	0, 0, 0, 0, 16, 19, 18, 17, 20, 23, 22, 21, 27, 24, 25, 26, \
	0, 0, 0, 0, 0, 0, 0, 0, 38, 37, 36, 39, 64, 67, 66, 65 \
)
#define _trans_cube_FUm _mm256_set_epi8( \
	0, 0, 0, 0, 7, 6, 5, 4, 11, 10, 9, 8, 17, 18, 19, 16, \
	0, 0, 0, 0, 0, 0, 0, 0, 39, 37, 38, 36, 67, 65, 66, 64 \
)
#define _trans_cube_FUm_inverse _mm256_set_epi8( \
	0, 0, 0, 0, 7, 6, 5, 4, 11, 10, 9, 8, 17, 18, 19, 16, \
	0, 0, 0, 0, 0, 0, 0, 0, 71, 69, 70, 68, 35, 33, 34, 32 \
)
#define _trans_cube_FRm _mm256_set_epi8( \
	0, 0, 0, 0, 20, 23, 22, 21, 17, 18, 19, 16, 10, 11, 8, 9, \
	0, 0, 0, 0, 0, 0, 0, 0, 67, 65, 64, 66, 37, 39, 38, 36 \
)
#define _trans_cube_FRm_inverse _mm256_set_epi8( \
	0, 0, 0, 0, 2, 3, 0, 1, 26, 25, 24, 27, 21, 22, 23, 20, \
	0, 0, 0, 0, 0, 0, 0, 0, 66, 65, 67, 64, 39, 36, 38, 37 \
)
#define _trans_cube_FDm _mm256_set_epi8( \
	0, 0, 0, 0, 5, 4, 7, 6, 10, 11, 8, 9, 18, 17, 16, 19, \
	0, 0, 0, 0, 0, 0, 0, 0, 37, 39, 36, 38, 65, 67, 64, 66 \
)
#define _trans_cube_FDm_inverse _mm256_set_epi8( \
	0, 0, 0, 0, 6, 7, 4, 5, 9, 8, 11, 10, 16, 19, 18, 17, \
	0, 0, 0, 0, 0, 0, 0, 0, 70, 68, 71, 69, 34, 32, 35, 33 \
)
#define _trans_cube_FLm _mm256_set_epi8( \
	0, 0, 0, 0, 22, 21, 20, 23, 18, 17, 16, 19, 11, 10, 9, 8, \
	0, 0, 0, 0, 0, 0, 0, 0, 65, 67, 66, 64, 39, 37, 36, 38 \
)
#define _trans_cube_FLm_inverse _mm256_set_epi8( \
	0, 0, 0, 0, 3, 2, 1, 0, 24, 27, 26, 25, 20, 23, 22, 21, \
	0, 0, 0, 0, 0, 0, 0, 0, 67, 64, 66, 65, 38, 37, 39, 36 \
)
#define _trans_cube_BUm _mm256_set_epi8( \
	0, 0, 0, 0, 6, 7, 4, 5, 9, 8, 11, 10, 16, 19, 18, 17, \
	0, 0, 0, 0, 0, 0, 0, 0, 38, 36, 39, 37, 66, 64, 67, 65 \
)
#define _trans_cube_BUm_inverse _mm256_set_epi8( \
	0, 0, 0, 0, 5, 4, 7, 6, 10, 11, 8, 9, 18, 17, 16, 19, \
	0, 0, 0, 0, 0, 0, 0, 0, 69, 71, 68, 70, 33, 35, 32, 34 \
)
#define _trans_cube_BRm _mm256_set_epi8( \
	0, 0, 0, 0, 23, 20, 21, 22, 19, 16, 17, 18, 9, 8, 11, 10, \
	0, 0, 0, 0, 0, 0, 0, 0, 64, 66, 67, 65, 38, 36, 37, 39 \
)
#define _trans_cube_BRm_inverse _mm256_set_epi8( \
	0, 0, 0, 0, 1, 0, 3, 2, 27, 24, 25, 26, 23, 20, 21, 22, \
	0, 0, 0, 0, 0, 0, 0, 0, 64, 67, 65, 66, 37, 38, 36, 39 \
)
#define _trans_cube_BDm _mm256_set_epi8( \
	0, 0, 0, 0, 4, 5, 6, 7, 8, 9, 10, 11, 19, 16, 17, 18, \
	0, 0, 0, 0, 0, 0, 0, 0, 36, 38, 37, 39, 64, 66, 65, 67 \
)
#define _trans_cube_BDm_inverse _mm256_set_epi8( \
	0, 0, 0, 0, 4, 5, 6, 7, 8, 9, 10, 11, 19, 16, 17, 18, \
	0, 0, 0, 0, 0, 0, 0, 0, 68, 70, 69, 71, 32, 34, 33, 35 \
)
#define _trans_cube_BLm _mm256_set_epi8( \
	0, 0, 0, 0, 21, 22, 23, 20, 16, 19, 18, 17, 8, 9, 10, 11, \
	0, 0, 0, 0, 0, 0, 0, 0, 66, 64, 65, 67, 36, 38, 39, 37 \
)
#define _trans_cube_BLm_inverse _mm256_set_epi8( \
	0, 0, 0, 0, 0, 1, 2, 3, 25, 26, 27, 24, 22, 21, 20, 23, \
	0, 0, 0, 0, 0, 0, 0, 0, 65, 66, 64, 67, 36, 39, 37, 38 \
)
